32.737 11
20 1
29 1
30 1
38 1
43 2
44 1
45 3
46 6
47 6
48 7
49 8
50 11
51 20
52 27
53 33
54 45
55 55
56 80
57 105
58 116
59 214
60 228
61 375
62 484
63 737
64 973
65 1210
66 1336
67 1290
68 1167
69 1082
70 1018
71 1050
72 1049
73 1032
74 1074
75 1080
76 1016
77 1111
78 1237
79 1193
80 1287
81 1306
82 1323
83 1255
84 1376
85 1379
86 1401
87 1342
88 1323
89 1368
90 1406
91 1254
92 1307
93 1281
94 1276
95 1331
96 1494
97 1825
98 2024
99 2535
100 2692
101 2443
102 1795
103 1307
104 866
105 626
106 545
107 508
108 522
109 514
110 480
111 494
112 555
113 511
114 545
115 538
116 574
117 516
118 522
119 486
120 466
121 428
122 469
123 411
124 392
125 399
126 361
127 422
128 471
129 490
130 506
131 647
132 634
133 688
134 898
135 1062
136 1407
137 1940
138 2705
139 3501
140 3943
141 4277
142 3873
143 2942
144 1917
145 1089
146 709
147 509
148 488
149 545
150 535
151 547
152 466
153 409
154 343
155 348
156 329
157 280
158 304
159 282
160 312
161 258
162 269
163 285
164 364
165 488
166 466
167 632
168 643
169 662
170 522
171 463
172 397
173 301
174 268
175 258
176 298
177 336
178 348
179 487
180 509
181 587
182 557
183 557
184 460
185 382
186 303
187 268
188 235
189 242
190 202
191 204
192 201
193 202
194 249
195 240
196 208
197 245
198 225
199 295
200 246
201 265
202 276
203 242
204 238
205 243
206 206
207 237
208 266
209 241
210 245
211 220
212 257
213 262
214 233
215 227
216 247
217 236
218 207
219 243
220 229
221 253
222 223
223 216
224 195
225 226
226 235
227 249
228 247
229 274
230 266
231 241
232 240
233 229
234 183
235 227
236 188
237 187
238 196
239 209
240 217
241 197
242 169
243 159
244 145
245 155
246 140
247 138
248 133
249 127
250 141
251 139
252 123
253 126
254 137
255 130
256 123
257 128
258 109
259 138
260 96
261 98
262 126
263 122
264 108
265 114
266 113
267 146
268 111
269 133
270 181
271 164
272 150
273 163
274 207
275 180
276 194
277 195
278 211
279 194
280 197
281 179
282 156
283 175
284 183
285 159
286 144
287 159
288 183
289 188
290 165
291 171
292 180
293 188
294 162
295 155
296 145
297 144
298 134
299 136
300 128
301 143
302 103
303 153
304 124
305 151
306 145
307 147
308 177
309 215
310 258
311 299
312 375
313 429
314 519
315 627
316 700
317 707
318 648
319 617
320 492
321 398
322 295
323 216
324 188
325 153
326 140
327 156
328 156
329 150
330 170
331 166
332 171
333 164
334 168
335 171
336 194
337 170
338 180
339 180
340 222
341 202
342 200
343 174
344 226
345 156
346 172
347 201
348 249
349 188
350 247
351 259
352 243
353 241
354 220
355 198
356 176
357 139
358 117
359 91
360 102
361 101
362 72
363 73
364 76
365 83
366 93
367 78
368 79
369 77
370 80
371 84
372 83
373 76
374 77
375 74
376 66
377 65
378 68
379 65
380 64
381 67
382 76
383 60
384 67
385 72
386 104
387 104
388 111
389 139
390 156
391 146
392 126
393 126
394 97
395 70
396 84
397 54
398 70
399 65
400 62
401 50
402 46
403 66
404 44
405 66
406 63
407 78
408 66
409 48
410 62
411 58
412 35
413 46
414 38
415 48
416 45
417 45
418 49
419 39
420 31
421 43
422 40
423 38
424 48
425 40
426 46
427 54
428 52
429 64
430 69
431 76
432 72
433 78
434 71
435 99
436 147
437 138
438 158
439 158
440 197
441 158
442 161
443 170
444 148
445 139
446 119
447 103
448 142
449 115
450 130
451 127
452 113
453 120
454 114
455 137
456 139
457 102
458 117
459 118
460 106
461 123
462 113
463 114
464 137
465 129
466 113
467 105
468 105
469 97
470 96
471 81
472 84
473 99
474 73
475 80
476 66
477 49
478 57
479 44
480 40
481 31
482 38
483 40
484 46
485 44
486 39
487 51
488 32
489 50
490 52
491 45
492 51
493 29
494 37
495 21
496 20
497 19
498 18
499 15
500 13
501 17
502 17
503 17
504 20
505 16
506 14
507 23
508 20
509 22
510 24
511 20
512 24
513 17
514 26
515 23
516 27
517 28
518 21
519 45
520 29
521 44
522 45
523 52
524 41
525 50
526 35
527 31
528 15
529 23
530 11
531 22
532 10
533 7
534 12
535 8
536 6
537 8
538 10
539 5
540 9
541 6
542 5
543 6
544 3
545 6
546 8
547 2
548 5
549 12
550 5
551 10
552 7
553 7
554 10
555 9
556 11
557 6
558 7
559 9
560 14
561 20
562 27
563 19
564 12
565 20
566 23
567 15
568 24
569 17
570 14
571 13
572 8
573 13
574 5
575 7
576 10
577 8
578 6
579 5
580 4
581 6
582 8
583 6
584 11
585 10
586 5
587 4
588 5
589 6
590 6
591 4
592 3
593 3
594 6
595 6
596 3
597 2
598 2
599 5
600 3
601 1
602 8
603 4
604 5
605 2
606 5
607 3
608 4
609 4
610 4
611 8
612 4
613 2
614 7
615 4
616 3
617 3
618 2
619 4
620 2
621 5
622 1
623 2
624 3
625 1
626 3
627 2
628 4
629 5
630 6
631 2
632 1
633 2
634 3
636 4
637 4
638 4
640 5
641 3
642 2
643 4
645 1
646 3
648 2
649 1
650 1
651 3
653 2
654 2
655 3
656 3
657 1
658 3
659 1
660 5
661 5
662 3
664 2
665 1
666 3
667 1
668 1
669 4
671 2
672 1
673 3
675 2
676 1
678 4
679 3
680 4
682 3
683 2
685 4
686 4
687 1
688 3
690 1
692 1
693 1
694 1
695 3
696 2
697 2
698 2
700 3
701 1
702 4
703 2
705 4
706 1
707 1
708 1
710 3
711 1
712 3
713 1
714 1
715 1
716 1
718 2
719 3
720 3
722 1
724 2
725 2
726 1
727 2
731 1
735 1
736 3
737 2
738 1
745 1
747 2
749 1
751 2
752 1
753 1
755 7
756 1
762 1
763 1
767 2
768 2
780 1
781 1
782 1
783 1
784 2
786 1
791 1
792 2
797 1
799 1
800 1
802 1
804 1
805 1
807 1
809 2
818 1
820 2
821 1
822 1
823 1
825 1
826 1
829 1
830 2
832 1
834 1
840 1
851 3
852 1
858 1
860 2
865 1
870 1
872 2
873 1
876 1
882 1
883 2
895 1
897 1
898 1
900 1
901 2
903 1
907 1
911 2
918 2
922 1
923 1
927 1
928 1
935 1
945 1
947 1
948 1
951 2
952 1
956 3
965 1
975 1
976 1
983 1
