16.1095 0
0 468
98 1
102 2
103 2
104 3
105 1
109 4
110 3
111 6
112 1
113 4
114 3
115 2
116 3
117 8
118 5
119 4
120 8
121 18
122 8
123 14
124 11
125 11
126 12
127 22
128 20
129 24
130 30
131 27
132 47
133 50
134 47
135 59
136 49
137 56
138 62
139 41
140 56
141 45
142 41
143 47
144 50
145 60
146 70
147 54
148 58
149 55
150 55
151 46
152 42
153 53
154 53
155 46
156 49
157 53
158 51
159 44
160 49
161 49
162 59
163 61
164 61
165 60
166 51
167 51
168 49
169 57
170 43
171 47
172 48
173 55
174 64
175 70
176 51
177 52
178 68
179 57
180 53
181 58
182 50
183 57
184 60
185 60
186 56
187 43
188 58
189 54
190 43
191 54
192 46
193 51
194 74
195 57
196 57
197 71
198 58
199 75
200 74
201 66
202 81
203 98
204 78
205 76
206 67
207 66
208 82
209 54
210 51
211 62
212 61
213 41
214 38
215 37
216 49
217 60
218 42
219 47
220 45
221 42
222 35
223 48
224 41
225 47
226 49
227 31
228 47
229 39
230 50
231 40
232 35
233 43
234 39
235 34
236 48
237 37
238 41
239 40
240 38
241 24
242 38
243 30
244 31
245 40
246 34
247 34
248 38
249 31
250 39
251 44
252 27
253 36
254 33
255 49
256 35
257 30
258 39
259 37
260 40
261 40
262 35
263 36
264 44
265 46
266 40
267 49
268 49
269 57
270 38
271 33
272 49
273 57
274 61
275 59
276 55
277 73
278 65
279 50
280 74
281 86
282 95
283 108
284 111
285 107
286 129
287 123
288 137
289 122
290 120
291 120
292 104
293 76
294 84
295 66
296 49
297 42
298 35
299 70
300 55
301 50
302 61
303 61
304 61
305 69
306 72
307 67
308 80
309 66
310 67
311 55
312 66
313 34
314 53
315 41
316 32
317 33
318 21
319 44
320 27
321 32
322 30
323 36
324 34
325 46
326 52
327 40
328 44
329 33
330 35
331 33
332 44
333 59
334 62
335 77
336 81
337 84
338 73
339 96
340 98
341 130
342 137
343 127
344 123
345 110
346 117
347 99
348 79
349 75
350 64
351 71
352 53
353 29
354 26
355 33
356 28
357 39
358 38
359 26
360 38
361 27
362 33
363 26
364 33
365 40
366 37
367 39
368 34
369 37
370 45
371 46
372 30
373 30
374 37
375 37
376 33
377 37
378 34
379 39
380 25
381 32
382 27
383 45
384 38
385 29
386 31
387 33
388 28
389 28
390 26
391 29
392 26
393 28
394 32
395 22
396 38
397 33
398 28
399 17
400 23
401 27
402 35
403 21
404 29
405 33
406 41
407 25
408 29
409 40
410 26
411 44
412 36
413 28
414 33
415 31
416 29
417 42
418 35
419 33
420 36
421 27
422 30
423 30
424 29
425 25
426 33
427 37
428 34
429 38
430 27
431 34
432 36
433 38
434 24
435 35
436 28
437 36
438 23
439 35
440 39
441 31
442 25
443 33
444 25
445 28
446 27
447 34
448 29
449 26
450 23
451 25
452 30
453 39
454 26
455 25
456 23
457 23
458 40
459 29
460 33
461 23
462 28
463 31
464 21
465 35
466 32
467 38
468 32
469 31
470 29
471 29
472 22
473 28
474 30
475 36
476 41
477 16
478 34
479 37
480 46
481 29
482 32
483 26
484 33
485 28
486 44
487 42
488 34
489 38
490 30
491 34
492 21
493 30
494 25
495 14
496 17
497 24
498 19
499 28
500 16
501 14
502 13
503 13
504 10
505 11
506 12
507 18
508 16
509 17
510 26
511 23
512 16
513 8
514 16
515 12
516 13
517 16
518 15
519 13
520 18
521 15
522 8
523 12
524 14
525 11
526 12
527 18
528 13
529 14
530 11
531 12
532 9
533 12
534 11
535 6
536 9
537 7
538 5
539 10
540 7
541 12
542 10
543 22
544 10
545 11
546 13
547 15
548 11
549 15
550 12
551 10
552 14
553 21
554 16
555 19
556 11
557 23
558 19
559 22
560 15
561 33
562 20
563 16
564 19
565 12
566 21
567 11
568 7
569 17
570 15
571 20
572 17
573 11
574 11
575 5
576 9
577 7
578 14
579 12
580 8
581 10
582 6
583 10
584 9
585 12
586 5
587 14
588 12
589 12
590 3
591 12
592 8
593 16
594 10
595 8
596 8
597 12
598 12
599 11
600 8
601 3
602 11
603 12
604 13
605 7
606 10
607 12
608 18
609 10
610 13
611 15
612 17
613 17
614 10
615 14
616 17
617 23
618 15
619 17
620 28
621 29
622 25
623 25
624 25
625 23
626 33
627 37
628 43
629 49
630 61
631 59
632 73
633 83
634 87
635 90
636 126
637 131
638 139
639 166
640 165
641 187
642 233
643 231
644 189
645 240
646 225
647 205
648 204
649 213
650 181
651 143
652 134
653 127
654 84
655 83
656 70
657 45
658 38
659 43
660 33
661 17
662 21
663 16
664 10
665 17
666 24
667 12
668 13
669 11
670 11
671 10
672 23
673 9
674 12
675 9
676 12
677 12
678 12
679 15
680 13
681 15
682 17
683 11
684 10
685 9
686 6
687 8
688 11
689 6
690 7
691 11
692 7
693 4
694 8
695 10
696 7
697 9
698 3
699 3
700 11
701 10
702 8
703 9
704 7
705 4
706 7
707 6
708 8
709 11
710 5
711 14
712 10
713 5
714 10
715 11
716 8
717 10
718 11
719 12
720 11
721 5
722 7
723 7
724 9
725 8
726 8
727 6
728 7
729 6
730 4
731 5
732 9
733 5
734 8
735 7
736 8
737 5
738 5
739 8
740 5
741 10
742 5
743 12
744 8
745 6
746 5
747 3
748 8
749 6
750 2
751 6
752 9
753 4
754 6
755 11
756 9
757 8
758 10
759 4
760 9
761 2
762 7
763 3
764 3
765 5
766 4
767 7
768 7
769 6
770 7
771 4
772 6
773 5
774 9
775 6
776 1
777 8
778 4
779 4
780 4
781 6
782 4
783 5
784 3
785 6
786 10
787 6
788 14
789 9
790 5
791 9
792 14
793 5
794 9
795 7
796 6
797 7
798 4
799 4
800 14
801 2
802 5
803 4
804 7
805 6
806 1
807 6
808 2
809 4
810 8
811 2
812 7
813 9
814 4
815 4
816 1
817 3
818 6
819 7
820 2
821 4
822 1
823 2
824 3
825 5
826 6
827 4
828 5
829 8
830 7
831 6
832 2
833 6
834 6
835 1
837 2
839 3
840 4
841 3
842 5
843 1
844 3
845 8
846 4
847 2
848 7
849 2
850 5
851 6
852 1
853 1
854 3
855 5
856 1
858 7
859 3
860 5
861 4
862 8
863 7
864 3
865 3
866 7
867 12
868 5
869 9
870 10
871 8
872 9
873 6
874 12
875 10
876 4
877 12
878 8
879 4
880 14
881 14
882 18
883 7
884 9
885 17
886 19
887 27
888 14
889 26
890 23
891 20
892 25
893 25
894 22
895 30
896 28
897 27
898 18
899 25
900 24
901 25
902 17
903 15
904 17
905 22
906 16
907 6
908 10
909 12
910 11
911 2
912 11
913 15
914 5
915 7
916 6
917 11
918 5
919 4
920 5
921 5
922 3
923 5
924 6
925 9
926 9
927 2
928 6
929 6
930 2
931 4
932 4
933 4
934 6
935 2
936 2
937 5
938 1
939 1
940 3
941 3
942 2
943 4
944 3
945 3
947 1
948 1
949 1
950 3
951 1
952 4
953 4
954 6
955 2
956 4
957 2
958 2
959 3
960 5
961 1
962 2
963 4
964 5
965 1
966 1
967 3
968 1
969 1
970 1
971 2
972 1
973 6
974 2
975 6
976 1
977 2
978 2
979 1
980 1
981 1
982 1
985 3
986 1
987 1
988 1
989 2
990 2
991 3
993 2
994 2
995 1
996 3
997 2
998 2
999 3
1000 2
1001 1
1002 4
1004 1
1006 1
1007 1
1008 2
1009 3
1010 4
1013 2
1014 1
1015 1
1018 1
1021 1
1023 2
1026 2
1030 2
1031 2
1032 2
1033 1
1034 3
1035 3
1036 1
1037 5
1038 3
1039 2
1041 1
1042 4
1043 1
1044 1
1045 9
1046 4
1047 6
1048 5
1049 2
1050 9
1051 9
1052 3
1053 5
1054 5
1055 7
1056 13
1057 10
1058 7
1059 14
1060 14
1061 10
1062 14
1063 16
1064 13
1065 16
1066 11
1067 14
1068 14
1069 13
1070 11
1071 7
1072 11
1073 5
1074 3
1075 4
1076 9
1077 6
1078 1
1079 2
1080 6
1082 1
1083 1
1084 1
1085 1
1086 1
1088 1
1093 1
1094 2
1096 1
1101 1
1103 2
1106 1
1107 1
1108 2
1109 1
1112 2
1115 1
1116 1
1117 1
1118 1
1120 1
1121 1
1125 1
1126 1
1130 1
1132 1
1136 1
1137 1
1139 2
1141 1
1142 2
1143 4
1144 4
1145 2
1146 2
1147 1
1148 1
1150 1
1151 1
1152 2
1154 1
1155 3
1156 1
1158 2
1159 3
1160 1
1162 2
1164 1
1165 2
1166 1
1167 2
1168 1
1169 1
1171 1
1172 2
1173 2
1174 1
1182 1
1183 1
1186 1
1187 2
1188 1
1191 2
1192 1
1196 1
1197 1
1203 1
1205 1
1207 1
1208 1
1209 1
1211 2
1219 1
1220 1
1224 2
1232 1
1233 1
1239 2
1248 1
1249 1
1252 1
1263 1
1268 1
1276 1
1278 1
1280 1
1281 1
1282 1
1287 1
1290 1
1294 1
1298 1
1302 2
1303 1
1307 2
1314 2
1323 1
1327 1
1328 1
1343 1
1361 2
1383 1
1390 1
1396 2
1403 1
1424 1
1427 1
1439 1
1462 1
1497 1
1528 1
1532 1
1562 1
1620 1
1627 1
1642 1
1669 1
1688 1
1773 1
1793 1
1820 1
1830 1
1876 1
