327.48 0 322.19 0
0 5 8
0 6 83
0 7 140
0 8 165
0 9 188
0 10 214
0 11 74
0 12 77
0 13 115
0 14 349
0 15 72
0 16 46
0 17 57
0 18 67
0 19 40
0 20 39
0 21 17
0 22 34
0 23 33
0 24 28
0 25 24
0 26 17
0 27 21
0 28 33
0 29 23
0 30 20
0 31 34
0 32 82
0 33 23
0 34 21
0 35 27
0 36 14
0 37 9
0 38 6
0 39 16
0 40 15
0 41 12
0 42 3
0 43 6
0 44 17
0 45 16
0 46 17
0 47 11
0 48 8
0 49 3
0 50 4
0 51 2
0 52 4
0 53 6
0 54 2
0 55 1
0 56 1
0 57 6
0 58 1
0 60 1
0 62 1
0 68 1
0 83 1
0 96 1
1 8 1
1 9 1
1 10 2
1 12 1
1 13 1
1 14 1
2 8 1
2 10 2
2 11 1
2 13 1
3 6 1
3 7 1
3 8 2
3 9 1
3 10 2
3 12 1
3 14 2
3 20 1
4 6 1
4 7 1
4 8 1
4 10 2
4 14 3
4 28 1
5 6 1
5 7 1
5 9 1
5 11 1
5 13 1
5 14 2
5 22 1
5 52 1
6 6 1
6 7 1
6 14 3
6 15 1
6 18 1
6 20 1
7 8 1
7 9 2
7 11 1
8 10 2
8 13 1
8 14 4
8 20 1
9 9 2
9 10 4
9 11 1
9 20 1
9 30 1
9 33 1
9 38 1
9 45 1
9 48 1
9 56 1
9 64 1
10 6 2
10 7 3
10 8 5
10 9 1
10 10 4
10 11 1
10 12 2
10 13 2
10 14 3
10 16 1
10 17 5
10 19 3
10 21 1
10 22 4
10 23 1
10 24 2
10 25 4
10 28 1
10 29 1
10 30 3
10 31 2
10 32 1
10 34 2
10 35 8
10 36 2
10 37 1
10 40 1
10 43 2
10 45 1
10 46 2
10 47 5
10 48 1
10 49 2
11 5 1
11 6 15
11 7 10
11 8 6
11 9 11
11 10 15
11 11 10
11 12 7
11 13 10
11 14 29
11 15 8
11 16 8
11 17 9
11 18 8
11 19 4
11 20 7
11 21 9
11 22 17
11 23 19
11 24 4
11 25 10
11 26 11
11 27 13
11 28 5
11 29 16
11 30 20
11 31 11
11 32 3
11 33 3
11 34 10
11 35 25
11 36 20
11 37 4
11 38 4
11 39 3
11 40 5
11 41 5
11 43 3
11 44 2
11 46 1
11 47 5
11 48 13
11 49 5
11 50 1
11 53 1
11 57 1
12 4 1
12 5 4
12 6 45
12 7 79
12 8 56
12 9 52
12 10 77
12 11 32
12 12 48
12 13 49
12 14 173
12 15 57
12 16 26
12 17 45
12 18 42
12 19 35
12 20 38
12 21 47
12 22 109
12 23 84
12 24 37
12 25 24
12 26 46
12 27 28
12 28 27
12 29 74
12 30 107
12 31 37
12 32 45
12 33 21
12 34 57
12 35 159
12 36 138
12 37 37
12 38 24
12 39 17
12 40 20
12 41 17
12 42 14
12 43 20
12 44 16
12 45 8
12 46 20
12 47 47
12 48 77
12 49 31
12 50 10
12 51 6
12 52 4
12 53 3
12 54 3
12 55 1
12 56 1
12 57 1
12 58 2
12 60 1
12 61 1
12 62 3
12 65 1
12 66 1
12 67 1
12 68 1
12 69 3
12 70 2
12 74 1
12 76 1
12 77 1
12 80 1
12 82 1
12 85 1
12 94 1
12 97 1
13 2 1
13 4 2
13 5 17
13 6 345
13 7 277
13 8 271
13 9 283
13 10 352
13 11 220
13 12 231
13 13 266
13 14 527
13 15 192
13 16 158
13 17 213
13 18 294
13 19 159
13 20 188
13 21 261
13 22 375
13 23 190
13 24 152
13 25 196
13 26 174
13 27 186
13 28 165
13 29 315
13 30 234
13 31 135
13 32 160
13 33 110
13 34 335
13 35 785
13 36 420
13 37 147
13 38 96
13 39 92
13 40 78
13 41 135
13 42 38
13 43 61
13 44 45
13 45 33
13 46 69
13 47 271
13 48 167
13 49 139
13 50 71
13 51 26
13 52 25
13 53 20
13 54 13
13 55 8
13 56 5
13 57 13
13 58 4
13 59 4
13 60 2
13 61 4
13 62 5
13 63 2
13 66 2
13 67 1
13 68 3
13 69 1
13 70 4
13 71 2
13 72 1
13 73 3
13 75 3
13 83 1
13 88 2
13 92 1
14 2 1
14 5 15
14 6 195
14 7 285
14 8 172
14 9 192
14 10 290
14 11 121
14 12 91
14 13 180
14 14 571
14 15 128
14 16 85
14 17 112
14 18 122
14 19 82
14 20 89
14 21 251
14 22 99
14 23 85
14 24 81
14 25 110
14 26 59
14 27 91
14 28 199
14 29 279
14 30 102
14 31 92
14 32 122
14 33 187
14 34 400
14 35 309
14 36 88
14 37 57
14 38 47
14 39 78
14 40 36
14 41 35
14 42 56
14 43 38
14 44 49
14 45 57
14 46 246
14 47 302
14 48 85
14 49 43
14 50 26
14 51 29
14 52 27
14 53 10
14 54 4
14 55 4
14 56 7
14 57 8
14 58 1
14 59 1
14 60 1
14 61 5
14 62 4
14 63 3
14 64 1
14 67 1
14 68 1
14 69 2
14 70 1
14 71 1
14 76 7
14 77 1
14 79 2
14 83 1
14 86 2
14 93 2
14 94 1
14 96 1
14 99 1
15 4 2
15 5 23
15 6 309
15 7 333
15 8 200
15 9 219
15 10 326
15 11 132
15 12 140
15 13 224
15 14 654
15 15 110
15 16 130
15 17 122
15 18 118
15 19 91
15 20 178
15 21 158
15 22 99
15 23 91
15 24 127
15 25 70
15 26 90
15 27 114
15 28 235
15 29 114
15 30 99
15 31 87
15 32 174
15 33 307
15 34 330
15 35 173
15 36 87
15 37 57
15 38 50
15 39 78
15 40 50
15 41 43
15 42 44
15 43 23
15 44 56
15 45 167
15 46 334
15 47 113
15 48 69
15 49 38
15 50 18
15 51 23
15 52 16
15 53 8
15 54 4
15 55 2
15 56 4
15 57 7
15 58 2
15 59 3
15 61 2
15 62 1
15 63 1
15 64 1
15 65 2
15 66 2
15 67 2
15 69 2
15 70 1
15 73 2
15 74 2
15 76 1
15 79 1
15 81 1
15 84 1
15 91 2
15 95 1
16 4 1
16 5 14
16 6 203
16 7 271
16 8 170
16 9 241
16 10 407
16 11 152
16 12 112
16 13 224
16 14 669
16 15 148
16 16 109
16 17 156
16 18 119
16 19 98
16 20 117
16 21 94
16 22 66
16 23 70
16 24 72
16 25 70
16 26 58
16 27 134
16 28 110
16 29 97
16 30 46
16 31 102
16 32 286
16 33 199
16 34 141
16 35 103
16 36 72
16 37 34
16 38 51
16 39 55
16 40 41
16 41 42
16 42 26
16 43 26
16 44 80
16 45 271
16 46 140
16 47 71
16 48 21
16 49 17
16 50 25
16 51 19
16 52 7
16 53 13
16 54 5
16 55 4
16 56 1
16 57 5
16 58 4
16 59 3
16 60 3
16 61 1
16 62 3
16 63 3
16 64 1
16 65 2
16 68 1
16 71 1
16 72 2
16 74 1
16 75 1
16 76 1
16 80 1
16 89 2
16 91 1
16 92 1
16 96 1
17 5 11
17 6 194
17 7 318
17 8 202
17 9 237
17 10 344
17 11 156
17 12 130
17 13 230
17 14 722
17 15 131
17 16 135
17 17 158
17 18 145
17 19 105
17 20 91
17 21 74
17 22 76
17 23 81
17 24 67
17 25 49
17 26 66
17 27 79
17 28 77
17 29 43
17 30 40
17 31 141
17 32 303
17 33 96
17 34 64
17 35 45
17 36 39
17 37 38
17 38 42
17 39 45
17 40 35
17 41 26
17 42 9
17 43 36
17 44 138
17 45 140
17 46 75
17 47 40
17 48 21
17 49 22
17 50 18
17 51 10
17 52 13
17 53 12
17 54 1
17 55 3
17 56 3
17 57 2
17 58 5
17 59 3
17 60 3
17 61 2
17 63 1
17 64 2
17 67 2
17 68 2
17 69 3
17 70 1
17 73 1
17 76 1
17 77 1
17 78 1
17 81 1
17 83 1
17 86 1
17 87 1
18 5 22
18 6 248
18 7 333
18 8 301
18 9 361
18 10 462
18 11 253
18 12 209
18 13 303
18 14 768
18 15 288
18 16 265
18 17 353
18 18 212
18 19 150
18 20 150
18 21 161
18 22 164
18 23 149
18 24 148
18 25 77
18 26 95
18 27 103
18 28 91
18 29 54
18 30 76
18 31 353
18 32 702
18 33 96
18 34 59
18 35 71
18 36 51
18 37 56
18 38 35
18 39 62
18 40 39
18 41 22
18 42 15
18 43 47
18 44 158
18 45 76
18 46 43
18 47 24
18 48 14
18 49 21
18 50 5
18 51 11
18 52 20
18 53 54
18 54 7
18 55 5
18 56 3
18 57 8
18 58 4
18 59 3
18 60 2
18 61 2
18 63 1
18 64 3
18 65 3
18 68 1
18 72 1
18 91 1
18 93 1
18 99 1
19 4 1
19 5 33
19 6 425
19 7 792
19 8 863
19 9 862
19 10 883
19 11 642
19 12 551
19 13 735
19 14 1294
19 15 859
19 16 795
19 17 1195
19 18 535
19 19 473
19 20 513
19 21 498
19 22 450
19 23 492
19 24 465
19 25 232
19 26 168
19 27 216
19 28 227
19 29 155
19 30 202
19 31 1059
19 32 2502
19 33 226
19 34 141
19 35 131
19 36 101
19 37 97
19 38 82
19 39 98
19 40 77
19 41 57
19 42 57
19 43 105
19 44 306
19 45 188
19 46 61
19 47 34
19 48 39
19 49 21
19 50 18
19 51 20
19 52 100
19 53 153
19 54 11
19 55 10
19 56 8
19 57 27
19 58 14
19 59 9
19 60 7
19 61 5
19 62 3
19 63 3
19 64 5
19 65 4
19 66 3
19 67 1
19 68 1
19 69 4
19 70 1
19 71 2
19 73 1
19 74 1
19 76 2
19 78 1
19 81 2
19 82 1
19 83 1
19 84 1
19 88 1
19 89 1
19 91 1
20 4 2
20 5 8
20 6 201
20 7 291
20 8 271
20 9 225
20 10 346
20 11 137
20 12 119
20 13 278
20 14 1149
20 15 134
20 16 226
20 17 373
20 18 122
20 19 72
20 20 66
20 21 51
20 22 62
20 23 61
20 24 46
20 25 43
20 26 43
20 27 29
20 28 42
20 29 50
20 30 47
20 31 77
20 32 83
20 33 28
20 34 27
20 35 57
20 36 40
20 37 25
20 38 23
20 39 28
20 40 17
20 41 17
20 42 23
20 43 20
20 44 45
20 45 25
20 46 14
20 47 25
20 48 18
20 49 14
20 50 11
20 51 5
20 52 5
20 53 11
20 54 2
20 55 1
20 56 1
20 57 6
20 58 3
20 59 3
20 60 1
20 61 3
20 64 1
20 67 1
20 68 1
20 69 1
20 71 1
20 72 1
20 73 1
20 79 1
20 91 1
20 96 1
21 3 1
21 5 9
21 6 153
21 7 232
21 8 200
21 9 211
21 10 297
21 11 82
21 12 80
21 13 162
21 14 695
21 15 111
21 16 70
21 17 94
21 18 80
21 19 40
21 20 32
21 21 48
21 22 41
21 23 57
21 24 44
21 25 31
21 26 25
21 27 28
21 28 39
21 29 34
21 30 22
21 31 40
21 32 87
21 33 20
21 34 15
21 35 31
21 36 14
21 37 18
21 38 10
21 39 23
21 40 19
21 41 12
21 42 15
21 43 11
21 44 28
21 45 18
21 46 27
21 47 24
21 48 6
21 49 5
21 50 4
21 51 2
21 52 4
21 53 4
21 54 3
21 56 1
21 57 6
21 58 3
21 59 1
21 60 1
21 65 1
21 67 2
21 69 1
21 71 1
21 73 2
21 79 1
21 81 1
21 88 1
22 4 1
22 5 21
22 6 202
22 7 270
22 8 218
22 9 171
22 10 318
22 11 98
22 12 114
22 13 318
22 14 1334
22 15 331
22 16 75
22 17 96
22 18 75
22 19 47
22 20 48
22 21 48
22 22 33
22 23 42
22 24 35
22 25 23
22 26 16
22 27 51
22 28 112
22 29 35
22 30 32
22 31 19
22 32 42
22 33 16
22 34 21
22 35 19
22 36 13
22 37 9
22 38 13
22 39 18
22 40 19
22 41 10
22 42 5
22 43 9
22 44 20
22 45 17
22 46 20
22 47 8
22 48 8
22 49 3
22 50 1
22 52 3
22 53 5
22 54 3
22 56 4
22 57 3
22 58 2
22 60 1
22 61 2
22 63 2
22 65 1
22 70 1
22 72 1
22 78 1
22 81 1
22 84 1
22 96 1
22 100 1
23 4 1
23 5 12
23 6 153
23 7 191
23 8 181
23 9 188
23 10 290
23 11 86
23 12 77
23 13 239
23 14 1080
23 15 237
23 16 77
23 17 91
23 18 95
23 19 45
23 20 46
23 21 39
23 22 48
23 23 41
23 24 18
23 25 25
23 26 17
23 27 38
23 28 58
23 29 26
23 30 18
23 31 28
23 32 35
23 33 33
23 34 20
23 35 14
23 36 12
23 37 8
23 38 13
23 39 28
23 40 20
23 41 12
23 42 6
23 43 6
23 44 26
23 45 36
23 46 11
23 47 8
23 48 6
23 49 4
23 50 3
23 51 3
23 52 1
23 53 4
23 55 1
23 56 2
23 57 4
23 58 1
23 59 1
23 60 1
23 62 1
23 63 1
23 65 1
23 66 1
23 70 1
23 74 1
23 83 2
24 4 1
24 5 12
24 6 160
24 7 203
24 8 179
24 9 261
24 10 417
24 11 123
24 12 126
24 13 211
24 14 687
24 15 116
24 16 78
24 17 102
24 18 124
24 19 71
24 20 80
24 21 60
24 22 75
24 23 67
24 24 67
24 25 58
24 26 58
24 27 65
24 28 88
24 29 64
24 30 54
24 31 53
24 32 77
24 33 51
24 34 40
24 35 27
24 36 30
24 37 23
24 38 35
24 39 191
24 40 80
24 41 29
24 42 19
24 43 30
24 44 129
24 45 67
24 46 12
24 47 4
24 48 3
24 49 7
24 50 1
24 51 4
24 52 2
24 53 3
24 54 3
24 55 1
24 56 5
24 57 2
24 58 3
24 59 3
24 60 2
24 63 1
24 64 1
24 66 1
24 67 1
24 69 1
24 71 1
24 79 1
24 87 1
24 91 1
24 96 1
25 5 5
25 6 109
25 7 141
25 8 161
25 9 145
25 10 307
25 11 63
25 12 59
25 13 156
25 14 601
25 15 65
25 16 50
25 17 63
25 18 78
25 19 35
25 20 30
25 21 23
25 22 21
25 23 29
25 24 18
25 25 20
25 26 15
25 27 22
25 28 13
25 29 23
25 30 14
25 31 27
25 32 25
25 33 14
25 34 13
25 35 9
25 36 10
25 37 5
25 38 6
25 39 18
25 40 10
25 41 4
25 42 4
25 43 4
25 44 18
25 45 11
25 46 9
25 47 3
25 48 4
25 50 1
25 51 2
25 52 1
25 53 4
25 54 3
25 56 2
25 57 2
25 59 1
25 60 1
25 62 1
25 65 1
25 83 1
25 84 1
26 4 1
26 5 10
26 6 134
26 7 178
26 8 223
26 9 167
26 10 287
26 11 73
26 12 70
26 13 161
26 14 604
26 15 46
26 16 52
26 17 66
26 18 73
26 19 18
26 20 36
26 21 36
26 22 31
26 23 37
26 24 28
26 25 19
26 26 19
26 27 16
26 28 16
26 29 21
26 30 23
26 31 20
26 32 21
26 33 12
26 34 8
26 35 9
26 36 8
26 37 11
26 38 14
26 39 13
26 40 11
26 41 9
26 42 8
26 43 5
26 44 12
26 45 9
26 46 6
26 47 3
26 49 2
26 50 2
26 51 1
26 52 2
26 53 3
26 55 1
26 57 3
26 58 1
26 59 2
26 66 2
26 67 1
26 72 1
26 73 1
26 93 1
27 5 10
27 6 138
27 7 186
27 8 201
27 9 212
27 10 330
27 11 101
27 12 78
27 13 157
27 14 680
27 15 77
27 16 47
27 17 44
27 18 69
27 19 39
27 20 31
27 21 27
27 22 25
27 23 32
27 24 24
27 25 23
27 26 14
27 27 25
27 28 34
27 29 16
27 30 19
27 31 18
27 32 16
27 33 9
27 34 5
27 35 10
27 36 15
27 37 26
27 38 22
27 39 21
27 40 16
27 41 5
27 42 4
27 43 4
27 44 11
27 45 12
27 46 4
27 47 5
27 48 2
27 49 1
27 51 3
27 52 2
27 53 2
27 54 1
27 56 1
27 57 1
27 59 2
27 61 1
27 62 2
28 4 2
28 5 7
28 6 138
28 7 184
28 8 167
28 9 169
28 10 262
28 11 75
28 12 75
28 13 210
28 14 759
28 15 58
28 16 46
28 17 54
28 18 83
28 19 28
28 20 25
28 21 35
28 22 13
28 23 33
28 24 36
28 25 16
28 26 11
28 27 12
28 28 16
28 29 13
28 30 10
28 31 10
28 32 17
28 33 10
28 34 7
28 35 10
28 36 15
28 37 21
28 38 11
28 39 10
28 40 6
28 41 4
28 42 3
28 43 3
28 44 5
28 45 5
28 46 2
28 47 4
28 49 1
28 50 1
28 51 1
28 54 2
28 56 2
28 57 4
28 58 2
28 62 2
28 70 1
28 71 1
28 83 1
29 3 1
29 5 6
29 6 136
29 7 183
29 8 188
29 9 190
29 10 312
29 11 80
29 12 70
29 13 163
29 14 715
29 15 57
29 16 48
29 17 48
29 18 63
29 19 24
29 20 30
29 21 23
29 22 17
29 23 26
29 24 27
29 25 12
29 26 8
29 27 9
29 28 20
29 29 9
29 30 11
29 31 10
29 32 28
29 33 8
29 34 7
29 35 7
29 36 10
29 37 8
29 38 8
29 39 8
29 40 5
29 41 5
29 42 2
29 43 5
29 44 8
29 45 12
29 46 5
29 48 3
29 49 1
29 51 1
29 52 3
29 54 1
29 56 2
29 57 1
29 58 1
29 59 1
29 64 1
29 69 1
30 5 6
30 6 119
30 7 156
30 8 196
30 9 283
30 10 295
30 11 77
30 12 69
30 13 163
30 14 715
30 15 50
30 16 37
30 17 37
30 18 61
30 19 22
30 20 25
30 21 25
30 22 13
30 23 38
30 24 30
30 25 9
30 26 11
30 27 12
30 28 16
30 29 14
30 30 8
30 31 8
30 32 7
30 33 4
30 34 9
30 35 5
30 36 5
30 37 11
30 38 8
30 39 9
30 40 10
30 41 3
30 42 2
30 43 5
30 44 3
30 45 4
30 46 2
30 47 3
30 48 1
30 49 1
30 50 1
30 51 1
30 52 1
30 53 1
30 55 1
30 57 2
30 59 1
30 61 1
30 62 1
30 64 2
30 70 1
30 72 1
31 5 15
31 6 153
31 7 227
31 8 672
31 9 410
31 10 325
31 11 78
31 12 73
31 13 207
31 14 768
31 15 73
31 16 69
31 17 58
31 18 65
31 19 39
31 20 26
31 21 27
31 22 42
31 23 67
31 24 31
31 25 19
31 26 15
31 27 29
31 28 24
31 29 19
31 30 13
31 31 13
31 32 18
31 33 10
31 34 11
31 35 15
31 36 5
31 37 17
31 38 9
31 39 35
31 40 18
31 41 5
31 42 3
31 43 8
31 44 29
31 45 7
31 46 5
31 47 7
31 48 1
31 49 4
31 50 1
31 52 1
31 53 1
31 54 1
31 56 1
31 57 1
31 58 2
31 59 1
31 60 1
31 61 1
31 64 1
31 65 1
31 72 1
31 96 1
32 5 7
32 6 169
32 7 461
32 8 901
32 9 243
32 10 266
32 11 81
32 12 82
32 13 194
32 14 814
32 15 72
32 16 30
32 17 41
32 18 68
32 19 30
32 20 43
32 21 33
32 22 66
32 23 46
32 24 14
32 25 7
32 26 21
32 27 9
32 28 18
32 29 30
32 30 9
32 31 9
32 32 15
32 33 10
32 34 7
32 35 10
32 36 8
32 37 6
32 38 1
32 39 10
32 40 4
32 41 4
32 42 3
32 43 3
32 44 7
32 45 2
32 47 1
32 48 2
32 49 1
32 53 2
32 54 2
32 56 1
32 57 2
32 58 1
32 61 2
32 62 2
32 69 1
32 73 1
32 80 1
32 98 1
33 4 1
33 5 8
33 6 174
33 7 410
33 8 195
33 9 154
33 10 261
33 11 74
33 12 66
33 13 110
33 14 437
33 15 47
33 16 19
33 17 27
33 18 60
33 19 27
33 20 21
33 21 28
33 22 24
33 23 22
33 24 12
33 25 2
33 26 8
33 27 6
33 28 7
33 29 8
33 30 9
33 31 3
33 32 18
33 33 6
33 34 4
33 35 2
33 36 7
33 37 4
33 38 3
33 39 10
33 40 6
33 41 4
33 42 5
33 43 3
33 44 9
33 45 2
33 46 1
33 47 2
33 48 1
33 49 2
33 51 4
33 52 1
33 53 1
33 54 2
33 57 5
33 58 3
33 63 1
33 64 1
33 67 1
33 68 1
33 71 2
33 73 1
34 5 3
34 6 177
34 7 172
34 8 147
34 9 166
34 10 259
34 11 57
34 12 54
34 13 113
34 14 417
34 15 44
34 16 24
34 17 29
34 18 69
34 19 16
34 20 20
34 21 19
34 22 10
34 23 19
34 24 7
34 25 4
34 26 3
34 27 1
34 28 7
34 29 9
34 30 7
34 31 5
34 32 11
34 33 7
34 34 5
34 35 8
34 36 3
34 37 5
34 38 7
34 39 11
34 40 3
34 41 1
34 42 1
34 43 3
34 44 2
34 45 3
34 46 4
34 47 3
34 48 4
34 49 4
34 50 1
34 52 1
34 56 1
34 57 2
34 58 2
34 59 1
34 60 1
34 71 1
34 72 1
35 5 8
35 6 84
35 7 139
35 8 141
35 9 218
35 10 265
35 11 67
35 12 54
35 13 97
35 14 349
35 15 35
35 16 33
35 17 23
35 18 70
35 19 20
35 20 22
35 21 21
35 22 5
35 23 20
35 24 17
35 25 3
35 26 4
35 27 4
35 28 5
35 29 3
35 30 6
35 31 5
35 32 11
35 33 4
35 34 3
35 35 5
35 36 4
35 37 3
35 38 4
35 39 5
35 40 2
35 41 2
35 42 1
35 43 13
35 44 3
35 45 4
35 46 2
35 47 3
35 49 2
35 50 1
35 52 1
35 54 1
35 55 2
35 57 1
35 58 2
35 60 1
35 63 1
35 92 1
36 5 7
36 6 108
36 7 118
36 8 254
36 9 211
36 10 323
36 11 71
36 12 55
36 13 95
36 14 315
36 15 41
36 16 27
36 17 33
36 18 76
36 19 30
36 20 23
36 21 17
36 22 8
36 23 19
36 24 11
36 25 5
36 26 4
36 27 3
36 28 4
36 29 6
36 30 2
36 31 7
36 32 6
36 33 4
36 34 4
36 35 4
36 36 3
36 37 1
36 39 6
36 40 1
36 41 4
36 42 1
36 43 3
36 44 3
36 45 5
36 46 1
36 47 1
36 48 2
36 49 3
36 50 1
36 53 1
36 57 3
36 61 1
36 62 2
36 66 1
36 69 1
36 71 1
36 73 1
37 5 9
37 6 130
37 7 172
37 8 262
37 9 181
37 10 340
37 11 84
37 12 60
37 13 97
37 14 349
37 15 35
37 16 63
37 17 104
37 18 74
37 19 27
37 20 32
37 21 18
37 22 14
37 23 33
37 24 12
37 25 5
37 26 4
37 27 3
37 28 8
37 29 10
37 30 14
37 31 9
37 32 7
37 33 1
37 34 7
37 35 6
37 36 2
37 37 2
37 39 12
37 40 2
37 41 2
37 42 5
37 43 5
37 44 5
37 45 8
37 46 1
37 49 1
37 50 1
37 51 1
37 53 1
37 54 1
37 55 1
37 56 3
37 57 1
37 58 1
37 59 2
37 61 1
37 62 1
37 63 1
38 5 3
38 6 106
38 7 145
38 8 146
38 9 175
38 10 243
38 11 91
38 12 72
38 13 80
38 14 233
38 15 32
38 16 45
38 17 79
38 18 76
38 19 21
38 20 20
38 21 23
38 22 17
38 23 18
38 24 6
38 25 6
38 26 7
38 27 5
38 28 11
38 29 13
38 30 7
38 31 19
38 32 8
38 33 4
38 34 9
38 35 6
38 36 5
38 37 8
38 38 6
38 39 7
38 40 8
38 41 3
38 42 1
38 43 1
38 44 7
38 45 4
38 47 3
38 48 1
38 50 1
38 53 1
38 57 1
38 59 3
38 63 1
38 68 1
38 69 1
39 4 1
39 5 4
39 6 110
39 7 97
39 8 149
39 9 165
39 10 290
39 11 86
39 12 49
39 13 71
39 14 225
39 15 45
39 16 25
39 17 30
39 18 76
39 19 19
39 20 29
39 21 9
39 22 10
39 23 30
39 24 19
39 25 7
39 26 3
39 27 1
39 28 6
39 29 11
39 30 2
39 31 8
39 32 5
39 33 6
39 34 4
39 35 6
39 36 2
39 37 3
39 38 4
39 39 3
39 40 2
39 41 2
39 42 2
39 43 1
39 44 2
39 45 3
39 46 1
39 47 2
39 48 1
39 49 3
39 50 1
39 51 1
39 53 1
39 55 1
39 56 1
39 57 2
39 59 1
39 67 1
39 71 1
39 82 1
40 4 1
40 5 6
40 6 91
40 7 126
40 8 155
40 9 315
40 10 351
40 11 87
40 12 55
40 13 75
40 14 208
40 15 43
40 16 25
40 17 22
40 18 79
40 19 22
40 20 25
40 21 14
40 22 9
40 23 17
40 24 9
40 25 4
40 26 6
40 27 2
40 28 21
40 29 6
40 30 7
40 31 6
40 32 8
40 33 8
40 34 4
40 35 4
40 36 3
40 37 1
40 38 3
40 39 3
40 40 6
40 41 3
40 42 2
40 43 1
40 44 4
40 45 2
40 46 1
40 47 1
40 48 1
40 49 1
40 52 1
40 54 1
40 55 1
40 57 5
40 58 1
40 60 1
40 64 1
41 5 7
41 6 95
41 7 124
41 8 418
41 9 628
41 10 220
41 11 81
41 12 67
41 13 108
41 14 280
41 15 30
41 16 16
41 17 28
41 18 74
41 19 14
41 20 20
41 21 10
41 22 3
41 23 20
41 24 6
41 25 7
41 26 5
41 27 11
41 28 9
41 29 8
41 30 5
41 31 5
41 32 9
41 33 1
41 34 3
41 35 3
41 36 2
41 37 3
41 39 8
41 41 3
41 42 1
41 43 4
41 44 4
41 45 5
41 46 7
41 47 1
41 48 1
41 49 2
41 50 2
41 51 1
41 52 2
41 53 1
41 54 2
41 55 1
41 56 1
41 57 4
41 59 1
41 64 2
41 66 1
41 67 1
41 75 1
42 5 10
42 6 111
42 7 211
42 8 723
42 9 188
42 10 223
42 11 65
42 12 73
42 13 172
42 14 539
42 15 49
42 16 19
42 17 23
42 18 63
42 19 17
42 20 14
42 21 16
42 22 17
42 23 16
42 24 8
42 25 3
42 26 5
42 27 10
42 28 12
42 29 6
42 30 6
42 32 9
42 33 3
42 35 4
42 36 3
42 37 2
42 38 1
42 39 2
42 40 4
42 41 1
42 42 3
42 43 2
42 44 5
42 45 4
42 46 1
42 47 3
42 51 1
42 52 3
42 54 3
42 55 1
42 56 1
42 57 3
42 59 2
42 60 1
42 65 1
43 5 24
43 6 319
43 7 560
43 8 428
43 9 278
43 10 238
43 11 145
43 12 157
43 13 751
43 14 3574
43 15 143
43 16 67
43 17 64
43 18 65
43 19 55
43 20 29
43 21 21
43 22 25
43 23 27
43 24 17
43 25 13
43 26 10
43 27 14
43 28 17
43 29 8
43 30 5
43 31 14
43 32 14
43 33 6
43 34 7
43 35 9
43 36 6
43 37 3
43 38 9
43 39 9
43 40 2
43 41 7
43 42 6
43 43 2
43 44 7
43 45 15
43 46 3
43 47 3
43 48 1
43 49 2
43 50 2
43 51 1
43 52 3
43 53 4
43 54 2
43 55 4
43 56 4
43 57 5
43 58 4
43 59 2
43 60 2
43 64 1
43 65 1
43 68 1
43 71 1
43 72 1
43 89 1
44 5 6
44 6 141
44 7 149
44 8 166
44 9 104
44 10 132
44 11 53
44 12 44
44 13 62
44 14 208
44 15 27
44 16 16
44 17 31
44 18 63
44 19 15
44 20 21
44 21 9
44 22 4
44 23 16
44 24 2
44 25 6
44 26 3
44 27 5
44 28 6
44 29 6
44 30 8
44 31 2
44 32 3
44 33 1
44 34 2
44 35 3
44 36 3
44 37 2
44 38 1
44 39 4
44 40 3
44 41 2
44 42 1
44 44 1
44 45 4
44 46 2
44 50 1
44 51 1
44 54 1
44 61 1
45 5 6
45 6 87
45 7 90
45 8 97
45 9 109
45 10 139
45 11 67
45 12 48
45 13 66
45 14 182
45 15 27
45 16 9
45 17 28
45 18 49
45 19 14
45 20 14
45 21 2
45 22 5
45 23 13
45 24 3
45 25 3
45 26 7
45 27 8
45 28 5
45 29 4
45 30 2
45 31 6
45 32 5
45 33 2
45 34 4
45 35 3
45 36 1
45 37 2
45 38 3
45 39 6
45 41 1
45 42 1
45 44 4
45 45 5
45 46 1
45 47 9
45 48 2
45 49 5
45 51 1
45 52 1
45 53 1
45 54 1
45 56 2
45 57 1
45 59 1
45 63 1
45 67 1
45 87 1
46 5 3
46 6 76
46 7 89
46 8 77
46 9 137
46 10 253
46 11 65
46 12 55
46 13 42
46 14 148
46 15 15
46 16 13
46 17 21
46 18 48
46 19 15
46 20 7
46 21 1
46 22 12
46 23 19
46 24 8
46 25 3
46 26 4
46 27 4
46 28 3
46 29 4
46 31 3
46 32 5
46 34 2
46 35 5
46 37 2
46 39 3
46 40 3
46 41 2
46 42 3
46 44 2
46 45 1
46 46 4
46 47 1
46 49 2
46 50 3
46 51 1
46 53 2
46 55 1
46 56 2
46 57 4
46 59 1
46 73 1
47 5 3
47 6 87
47 7 77
47 8 166
47 9 414
47 10 343
47 11 107
47 12 36
47 13 74
47 14 179
47 15 31
47 16 15
47 17 14
47 18 50
47 19 12
47 20 6
47 21 4
47 22 12
47 23 20
47 24 4
47 25 8
47 26 6
47 27 5
47 28 5
47 29 4
47 30 2
47 31 5
47 32 4
47 33 5
47 34 3
47 35 1
47 36 3
47 37 2
47 39 1
47 40 2
47 41 3
47 42 2
47 43 3
47 44 5
47 45 7
47 47 1
47 48 3
47 50 2
47 52 1
47 54 1
47 56 1
47 57 3
47 58 1
47 59 1
47 60 1
47 79 1
47 97 1
48 5 2
48 6 121
48 7 141
48 8 490
48 9 941
48 10 1194
48 11 169
48 12 95
48 13 88
48 14 182
48 15 78
48 16 23
48 17 27
48 18 57
48 19 11
48 20 13
48 21 10
48 22 10
48 23 19
48 24 10
48 25 13
48 27 8
48 28 5
48 29 3
48 30 9
48 31 7
48 32 9
48 33 2
48 34 5
48 35 3
48 36 2
48 37 1
48 38 3
48 39 5
48 41 1
48 42 2
48 43 1
48 45 4
48 46 1
48 47 1
48 49 1
48 50 1
48 51 1
48 54 4
48 56 1
48 57 2
48 58 3
48 59 2
48 61 1
48 65 1
48 66 1
48 67 1
48 68 1
49 4 1
49 5 1
49 6 69
49 7 188
49 8 504
49 9 708
49 10 159
49 11 76
49 12 32
49 13 45
49 14 147
49 15 25
49 16 11
49 17 14
49 18 38
49 19 11
49 20 8
49 21 5
49 22 6
49 23 16
49 24 7
49 25 2
49 26 1
49 27 6
49 28 4
49 30 3
49 31 6
49 32 6
49 33 3
49 34 2
49 35 3
49 36 1
49 37 2
49 40 2
49 41 2
49 42 1
49 43 1
49 44 3
49 45 5
49 47 2
49 49 1
49 57 1
49 62 1
49 63 1
50 5 6
50 6 77
50 7 223
50 8 525
50 9 267
50 10 244
50 11 48
50 12 50
50 13 56
50 14 157
50 15 13
50 16 11
50 17 13
50 18 29
50 19 11
50 20 10
50 21 21
50 22 10
50 23 7
50 24 4
50 25 2
50 26 1
50 27 5
50 28 6
50 29 3
50 31 4
50 32 3
50 33 5
50 34 4
50 36 1
50 37 2
50 38 2
50 39 4
50 40 2
50 41 1
50 42 1
50 44 1
50 45 2
50 48 2
50 51 1
50 53 1
50 54 1
50 56 1
50 57 5
50 62 1
50 64 1
50 67 1
51 5 5
51 6 111
51 7 244
51 8 176
51 9 152
51 10 170
51 11 65
51 12 38
51 13 49
51 14 107
51 15 17
51 16 8
51 17 10
51 18 30
51 19 19
51 20 48
51 21 10
51 22 5
51 23 7
51 24 3
51 25 6
51 26 3
51 27 3
51 28 2
51 29 5
51 30 3
51 31 1
51 32 2
51 33 1
51 34 5
51 35 2
51 37 1
51 40 1
51 41 2
51 42 9
51 44 5
51 45 2
51 47 4
51 49 1
51 50 1
51 52 2
51 56 1
51 57 1
51 58 1
51 84 1
52 5 10
52 6 102
52 7 194
52 8 97
52 9 106
52 10 107
52 11 33
52 12 20
52 13 13
52 14 94
52 15 14
52 16 11
52 17 15
52 18 40
52 19 7
52 20 15
52 21 8
52 22 6
52 23 9
52 24 7
52 26 2
52 27 1
52 28 4
52 29 1
52 30 4
52 31 4
52 32 4
52 34 1
52 35 1
52 36 2
52 39 1
52 40 1
52 41 1
52 42 3
52 44 1
52 45 2
52 46 1
52 47 2
52 48 5
52 54 1
52 59 1
53 4 1
53 5 11
53 6 189
53 7 105
53 8 96
53 9 111
53 10 147
53 11 51
53 12 33
53 13 51
53 14 108
53 15 28
53 16 24
53 17 35
53 18 230
53 19 31
53 20 32
53 21 16
53 22 15
53 23 49
53 24 12
53 25 11
53 26 5
53 27 2
53 28 7
53 29 5
53 30 5
53 31 6
53 32 9
53 33 3
53 34 3
53 35 5
53 36 3
53 37 2
53 38 6
53 39 6
53 40 7
53 41 7
53 42 2
53 43 1
53 44 3
53 45 3
53 46 3
53 47 2
53 48 5
53 49 1
53 51 2
53 56 2
53 57 4
53 58 1
53 62 1
53 64 1
53 67 1
54 4 1
54 5 5
54 6 80
54 7 59
54 8 55
54 9 122
54 10 137
54 11 39
54 12 20
54 13 28
54 14 82
54 15 13
54 16 11
54 17 14
54 18 79
54 19 12
54 20 8
54 21 5
54 22 3
54 23 16
54 24 3
54 25 7
54 26 9
54 27 2
54 28 4
54 29 4
54 30 5
54 31 3
54 32 6
54 33 1
54 34 4
54 35 3
54 36 1
54 38 1
54 39 3
54 40 1
54 41 2
54 42 1
54 43 2
54 44 3
54 45 3
54 46 2
54 47 1
54 48 2
54 51 2
54 52 1
54 53 1
54 56 3
55 5 1
55 6 38
55 7 35
55 8 68
55 9 132
55 10 136
55 11 32
55 12 18
55 13 28
55 14 73
55 15 14
55 16 6
55 17 7
55 18 15
55 19 10
55 20 8
55 21 3
55 22 5
55 23 7
55 24 1
55 25 4
55 27 4
55 28 1
55 29 5
55 30 3
55 31 3
55 32 4
55 34 1
55 35 2
55 36 1
55 37 1
55 38 2
55 39 4
55 42 1
55 44 2
55 45 4
55 46 2
55 48 1
55 49 1
55 50 1
55 55 1
55 57 2
55 58 2
55 70 1
56 5 3
56 6 37
56 7 36
56 8 80
56 9 90
56 10 171
56 11 25
56 12 29
56 13 26
56 14 65
56 15 15
56 16 5
56 17 14
56 18 16
56 19 2
56 20 7
56 21 3
56 22 4
56 23 8
56 24 6
56 25 1
56 26 2
56 27 1
56 28 2
56 29 1
56 31 1
56 32 6
56 33 3
56 36 2
56 40 3
56 41 4
56 42 1
56 43 1
56 44 5
56 45 2
56 46 1
56 47 1
56 49 2
56 50 1
56 52 1
56 53 1
56 57 1
56 62 1
56 67 1
56 86 1
57 5 1
57 6 31
57 7 38
57 8 44
57 9 61
57 10 64
57 11 19
57 12 16
57 13 28
57 14 74
57 15 12
57 16 9
57 17 12
57 18 8
57 19 6
57 20 2
57 21 1
57 22 1
57 23 1
57 24 3
57 28 2
57 32 3
57 33 1
57 35 3
57 36 1
57 38 1
57 39 3
57 44 5
57 45 1
57 46 1
57 48 1
57 54 1
57 58 1
57 62 1
57 66 1
58 5 2
58 6 28
58 7 41
58 8 38
58 9 49
58 10 68
58 11 16
58 12 9
58 13 27
58 14 60
58 15 5
58 17 12
58 18 13
58 19 2
58 20 4
58 21 1
58 23 4
58 24 2
58 25 4
58 26 2
58 28 3
58 29 1
58 30 1
58 32 6
58 33 1
58 36 1
58 37 1
58 39 2
58 40 1
58 44 1
58 46 3
58 50 1
58 51 1
58 52 1
58 55 1
58 56 1
58 57 1
59 5 1
59 6 30
59 7 54
59 8 36
59 9 109
59 10 72
59 11 17
59 12 11
59 13 25
59 14 102
59 15 14
59 16 6
59 17 9
59 18 23
59 19 3
59 20 6
59 21 3
59 22 5
59 23 5
59 24 1
59 25 1
59 26 3
59 27 4
59 28 1
59 30 1
59 31 2
59 32 2
59 33 1
59 34 2
59 35 1
59 36 1
59 38 1
59 43 1
59 44 3
59 45 1
59 46 1
59 47 1
59 49 1
59 51 1
59 56 1
59 59 1
59 62 1
59 66 1
60 5 3
60 6 57
60 7 88
60 8 105
60 9 117
60 10 86
60 11 44
60 12 31
60 13 100
60 14 328
60 15 30
60 16 17
60 17 38
60 18 182
60 19 24
60 20 32
60 21 3
60 22 9
60 23 25
60 24 7
60 25 5
60 26 2
60 27 5
60 28 6
60 29 3
60 30 1
60 31 6
60 32 8
60 33 3
60 34 2
60 35 4
60 36 2
60 37 9
60 38 3
60 39 5
60 41 1
60 43 4
60 44 6
60 45 3
60 46 1
60 47 6
60 48 1
60 52 1
60 54 1
60 57 3
60 62 1
60 69 1
60 73 1
61 5 1
61 6 55
61 7 47
61 8 60
61 9 44
61 10 33
61 11 20
61 12 41
61 13 58
61 14 192
61 15 16
61 16 9
61 17 18
61 18 10
61 19 4
61 20 8
61 21 2
61 22 1
61 23 5
61 24 1
61 26 1
61 27 6
61 28 3
61 29 2
61 30 4
61 31 2
61 32 2
61 34 2
61 35 2
61 36 1
61 38 1
61 39 3
61 40 1
61 43 3
61 45 6
61 46 3
61 53 1
61 57 1
61 60 1
61 67 1
62 5 3
62 6 117
62 7 57
62 8 37
62 9 42
62 10 56
62 11 43
62 12 91
62 13 41
62 14 67
62 15 12
62 16 10
62 17 27
62 18 18
62 19 8
62 20 10
62 21 11
62 22 8
62 23 5
62 24 3
62 25 2
62 26 5
62 27 2
62 28 2
62 29 2
62 30 3
62 31 2
62 32 8
62 33 5
62 34 3
62 35 4
62 36 1
62 37 3
62 39 2
62 40 3
62 41 2
62 43 2
62 44 5
62 45 8
62 46 2
62 48 3
62 49 1
62 51 1
62 53 1
62 55 1
62 57 5
62 58 2
62 60 2
62 62 2
62 63 1
62 97 1
63 5 1
63 6 43
63 7 31
63 8 29
63 9 45
63 10 68
63 11 94
63 12 21
63 13 19
63 14 53
63 15 18
63 16 4
63 17 9
63 18 7
63 19 5
63 20 4
63 21 4
63 22 3
63 23 5
63 24 6
63 25 2
63 27 2
63 28 3
63 29 6
63 30 3
63 31 1
63 32 2
63 35 5
63 37 2
63 38 2
63 39 2
63 40 2
63 43 2
63 44 1
63 45 4
63 47 3
63 48 2
63 49 1
63 50 1
63 57 1
63 60 1
64 5 3
64 6 33
64 7 24
64 8 39
64 9 99
64 10 241
64 11 56
64 12 32
64 13 18
64 14 45
64 15 15
64 16 3
64 17 3
64 18 8
64 19 2
64 20 3
64 21 4
64 22 1
64 23 3
64 25 2
64 26 1
64 27 1
64 28 3
64 29 3
64 30 2
64 31 3
64 32 3
64 33 1
64 34 2
64 35 1
64 39 5
64 40 1
64 41 2
64 43 1
64 44 2
64 45 2
64 46 1
64 47 2
64 48 2
64 52 1
64 54 2
64 55 1
64 57 1
64 61 1
64 63 1
64 64 1
65 6 46
65 7 34
65 8 108
65 9 586
65 10 239
65 11 89
65 12 22
65 13 26
65 14 50
65 15 18
65 16 5
65 17 4
65 18 4
65 19 2
65 20 1
65 22 2
65 23 2
65 24 3
65 26 1
65 27 2
65 28 2
65 29 4
65 31 3
65 32 4
65 33 1
65 37 2
65 39 1
65 42 1
65 43 1
65 45 2
65 46 1
65 47 2
65 48 2
65 50 3
65 51 2
65 56 1
65 57 1
65 59 1
65 66 1
66 5 6
66 6 37
66 7 58
66 8 239
66 9 513
66 10 95
66 11 46
66 12 20
66 13 16
66 14 43
66 15 12
66 16 5
66 17 3
66 19 3
66 20 1
66 21 5
66 22 3
66 23 1
66 24 1
66 25 4
66 27 1
66 28 2
66 29 1
66 30 3
66 34 1
66 36 2
66 37 5
66 38 1
66 39 1
66 41 1
66 42 1
66 43 1
66 44 8
66 46 1
66 47 2
66 51 2
66 54 2
66 57 2
66 68 1
67 5 3
67 6 50
67 7 96
67 8 277
67 9 160
67 10 295
67 11 32
67 12 27
67 13 22
67 14 39
67 15 15
67 16 6
67 17 1
67 18 5
67 19 3
67 20 2
67 21 1
67 22 3
67 23 4
67 24 2
67 25 1
67 26 2
67 27 1
67 29 2
67 30 1
67 31 4
67 32 3
67 34 1
67 35 2
67 36 1
67 37 4
67 41 1
67 43 1
67 44 4
67 45 1
67 49 1
67 52 2
67 57 2
67 58 1
67 63 1
68 4 2
68 5 1
68 6 53
68 7 162
68 8 69
68 9 94
68 10 52
68 11 13
68 12 22
68 13 13
68 14 23
68 15 7
68 16 3
68 17 5
68 18 3
68 19 2
68 20 1
68 21 1
68 23 1
68 24 1
68 26 3
68 27 2
68 28 2
68 30 1
68 31 2
68 32 2
68 33 1
68 35 2
68 36 1
68 38 1
68 40 2
68 45 1
68 46 1
68 49 1
68 56 1
68 57 3
68 59 1
69 5 4
69 6 63
69 7 65
69 8 59
69 9 35
69 10 27
69 11 8
69 12 8
69 13 6
69 14 16
69 15 4
69 16 3
69 17 7
69 18 1
69 19 1
69 20 1
69 21 2
69 22 1
69 24 2
69 25 1
69 26 1
69 27 1
69 28 1
69 30 1
69 32 2
69 36 3
69 38 2
69 39 2
69 40 2
69 44 1
69 45 2
69 50 1
69 60 1
70 4 1
70 5 1
70 6 23
70 7 31
70 8 23
70 9 33
70 10 20
70 11 10
70 12 5
70 13 12
70 14 22
70 15 2
70 16 3
70 17 1
70 19 3
70 20 2
70 21 1
70 22 1
70 23 2
70 24 1
70 26 2
70 30 1
70 35 1
70 37 2
70 41 2
70 42 1
70 45 1
71 6 19
71 7 26
71 8 13
71 9 26
71 10 22
71 11 8
71 12 6
71 13 10
71 14 33
71 15 5
71 16 1
71 17 1
71 18 1
71 19 1
71 20 1
71 21 1
71 23 1
71 24 1
71 25 1
71 31 2
71 32 1
71 37 1
71 39 1
71 44 1
71 46 1
71 51 1
71 58 1
71 62 1
72 5 2
72 6 28
72 7 42
72 8 27
72 9 65
72 10 29
72 11 9
72 12 11
72 13 49
72 14 280
72 15 9
72 16 4
72 17 6
72 18 4
72 19 3
72 20 1
72 21 3
72 22 1
72 23 2
72 24 1
72 25 2
72 27 1
72 28 2
72 29 2
72 30 1
72 31 3
72 32 1
72 33 1
72 35 1
72 37 1
72 40 1
72 45 1
72 49 1
72 58 1
72 59 1
73 5 1
73 6 9
73 7 7
73 8 18
73 9 20
73 10 13
73 11 4
73 12 2
73 13 4
73 14 14
73 15 2
73 16 1
73 18 3
73 22 3
73 26 2
73 30 1
73 32 2
73 40 1
73 44 2
73 48 1
74 6 8
74 7 18
74 8 11
74 9 12
74 10 17
74 11 5
74 12 4
74 13 2
74 14 7
74 17 2
74 18 1
74 19 1
74 24 2
74 27 1
74 28 1
74 29 1
74 31 1
74 32 1
74 38 1
74 39 1
74 44 1
74 45 2
74 56 1
75 6 5
75 7 14
75 8 5
75 9 12
75 10 11
75 11 5
75 12 2
75 13 2
75 14 15
75 15 1
75 16 1
75 20 1
75 22 1
75 24 2
75 27 1
75 31 1
75 32 1
75 33 1
75 34 1
75 57 1
76 4 1
76 5 1
76 6 8
76 7 6
76 8 8
76 9 5
76 10 8
76 11 3
76 12 1
76 13 5
76 14 6
76 18 1
76 19 1
76 21 2
76 24 1
76 28 1
76 40 1
76 41 1
76 48 1
77 6 9
77 7 7
77 8 3
77 9 7
77 10 9
77 11 3
77 12 3
77 13 5
77 14 17
77 15 1
77 18 2
77 21 2
77 22 1
77 24 1
77 25 2
77 28 2
77 29 1
77 31 1
77 32 1
77 33 1
77 35 1
77 38 1
77 39 1
77 40 1
77 43 1
77 45 1
78 5 9
78 6 104
78 7 17
78 8 15
78 9 17
78 10 26
78 11 9
78 12 3
78 13 3
78 14 22
78 15 9
78 16 3
78 17 7
78 18 4
78 19 6
78 20 8
78 21 2
78 22 3
78 23 1
78 24 1
78 25 3
78 26 2
78 27 6
78 28 2
78 29 5
78 30 2
78 31 3
78 32 11
78 33 2
78 34 1
78 35 3
78 36 4
78 37 1
78 38 1
78 39 2
78 40 3
78 41 3
78 44 3
78 45 5
78 46 2
78 47 3
78 48 1
78 49 1
78 50 1
78 51 1
78 57 2
78 59 1
79 5 1
79 6 4
79 7 1
79 8 5
79 9 14
79 10 5
79 11 2
79 12 1
79 13 2
79 16 2
79 17 2
79 18 1
79 20 2
79 21 1
79 25 1
79 26 1
79 28 1
79 31 1
79 33 1
79 39 1
79 40 1
80 6 8
80 7 2
80 8 6
80 9 7
80 10 6
80 11 1
80 12 6
80 13 5
80 14 8
80 15 1
80 27 2
80 31 2
80 32 1
80 34 1
80 35 1
80 39 1
80 45 2
80 47 1
80 49 1
80 50 1
80 57 1
81 6 6
81 7 7
81 8 1
81 9 6
81 10 5
81 11 1
81 12 4
81 13 3
81 14 3
81 16 1
81 18 2
81 20 1
81 27 1
81 34 1
81 39 1
81 40 1
81 45 2
81 66 1
82 5 1
82 6 2
82 7 1
82 8 3
82 9 2
82 10 4
82 11 1
82 13 1
82 14 2
82 15 1
82 18 1
82 20 1
82 21 1
82 22 1
82 23 1
82 24 2
82 39 1
82 45 1
83 6 1
83 7 2
83 8 2
83 9 7
83 10 4
83 12 4
83 13 1
83 14 1
83 17 1
83 19 1
83 24 1
83 27 1
83 29 2
83 31 1
83 34 1
83 39 1
83 47 2
83 48 1
83 57 1
84 6 2
84 8 2
84 9 3
84 10 1
84 11 1
84 12 1
84 13 2
84 14 5
84 15 1
84 19 1
84 21 1
84 29 1
84 30 1
84 36 1
84 38 1
84 40 1
84 72 1
85 6 2
85 7 2
85 8 3
85 9 4
85 10 2
85 11 1
85 12 1
85 13 2
85 14 6
85 15 4
85 16 1
85 17 1
85 18 1
85 19 1
85 22 1
85 23 1
85 27 1
85 28 1
85 30 1
85 31 2
85 57 1
86 6 2
86 7 1
86 8 1
86 9 5
86 10 2
86 14 3
86 15 1
86 17 3
86 18 1
87 6 1
87 7 1
87 8 1
87 9 2
87 10 2
87 11 2
87 13 2
87 14 1
87 15 1
87 17 1
87 18 3
87 29 1
87 31 1
87 36 1
87 49 2
88 8 2
88 9 5
88 10 7
88 14 1
88 27 1
88 42 1
89 6 1
89 7 1
89 8 2
89 9 3
89 10 4
89 11 1
89 13 1
89 14 2
89 24 1
89 54 1
90 6 1
90 8 1
90 9 3
90 13 1
90 14 4
90 44 1
90 48 1
91 6 2
91 7 2
91 9 1
91 10 2
91 11 1
91 12 2
91 14 3
91 26 1
91 28 1
91 31 2
92 6 1
92 8 1
92 9 4
92 10 5
92 11 1
92 13 1
92 14 2
92 17 1
92 21 1
92 22 1
92 37 1
93 6 1
93 7 1
93 8 1
93 9 1
93 10 3
93 11 1
93 12 1
93 13 1
93 24 1
93 30 2
94 6 2
94 7 2
94 9 1
94 10 1
94 13 1
94 38 1
94 47 1
95 7 1
95 8 2
95 9 3
95 10 1
95 11 1
95 12 1
95 13 1
95 14 1
95 17 1
95 28 1
95 44 1
95 87 1
96 8 2
96 9 5
96 10 1
96 13 1
96 14 1
96 15 1
96 17 2
96 19 6
96 21 1
96 24 1
96 33 2
96 34 1
97 5 1
97 8 2
97 12 1
97 14 3
97 21 1
98 5 1
98 8 1
98 10 1
98 12 1
98 14 1
98 20 1
98 33 1
98 48 1
99 6 1
99 8 1
99 9 1
99 10 2
99 13 1
99 14 4
99 61 1
100 8 1
